819992522109894658 0
888031054141022209 0
842072478834909184 0
836305915452272641 0
956283913835614208 0
935148134505828353 0
828613457020870657 0
819980276570976256 0
988573326376427520 0
826065858548133888 0
799764016885329921 0
862405301693296640 0
818910970567344128 0
15007149 1
76649729 0
233842454 0
2929491549 0
818975124460335106 0
816131319033950208 0
202206694 0
816652616625168388 0
249410485 1
2965083477 0
5558312 0
2964877294 0
237299871 0
1074101017 0
2862577383 0
776664410 1
237750442 0
73303753 0
968650362 0
600463589 0
1074480192 0
11651202 0
242376736 0
2970279814 1
234022257 0
815952318487298048 0
2914515430 0
291756142 0
2856787757 0
816303263586914304 0
818460870573441028 0
234822928 0
22055226 0
819744763020775425 0
37920978 0
240760644 0
237348797 0
10615232 0
190328374 0
234057152 0
2976606250 0
460376288 1
19168067 0
2975091705 0
2953974395 0
1058460818 0
935033864 0
1010616057932013571 1
26778110 0
18166778 0
935368364 0
1045110018 1
3686482216 0
34715823 0
25781141 1
1249982359 0
18632666 0
1060370282 0
888031054141022209 0
18061669 0
2930635215 0
880480631108644864 0
808416682972770304 1
20053279 0
2861616083 0
2863210809 0
236511574 1
829782369670410240 0
3026622545 0
1096059529 0
75364211 0
33977070 0
834069080 0
18916432 0
926446070812602371 1
1499993378 0
1209417007 0
217543151 0
818713465653051392 1
515822213 1
18967498 0
296361085 0
51228911 0
32010840 0
2966205003 0
36686040 1
827258161841135623 0
25073877 0
